====================================================================================================
gen3 实验 3：候选查询侧标量总表 + 零假设控制
====================================================================================================

====================================================================================================
[json] n=635  n_seed≥1 114（通路非空 48）
====================================================================================================
  标量                        AUC全                   AUC子集    层内AUC  ρ(nseed)    1bit    取值   perm_p
  S_log                   0.9636    0.6761[0.572,0.773]   0.6926    0.9941  1.0000    39   0.0010
  S_log_dom               0.9633    0.6739[0.573,0.771]   0.6898    0.9944  1.0000    40   0.0010
  S_geo_nodiv             0.9637    0.6769[0.573,0.775]   0.6894    0.9939  1.0000    34   0.0010
  n_reach                 0.9640    0.6799[0.579,0.778]   0.6890    0.9932  1.0000    31   0.0010
  n_new_domains           0.8714    0.6783[0.576,0.776]   0.6890    0.8264  0.9496    34   0.0010
  n_members               0.9642    0.6820[0.581,0.779]   0.6887    0.9931  1.0000    32   0.0010
  S_bucket_reach          0.9625    0.6667[0.579,0.752]   0.6676    0.9948  1.0000     2   0.0020
  omega_nounclip_both     0.9560    0.6087[0.501,0.713]   0.6084    0.9949  1.0000    41   0.0260
  omega_f                 0.9543    0.5938[0.516,0.672]   0.5966    0.9976  1.0000     2   0.0160
  n_frames                0.9545    0.5956[0.518,0.676]   0.5958    0.9978  1.0000     4   0.0120
  n_cascades              0.9545    0.5956[0.518,0.676]   0.5958    0.9978  1.0000     4   0.0120
  omega                   0.9543    0.5933[0.484,0.696]   0.5915    0.9950  1.0000    39   0.0450
  omega_nounclipN         0.9542    0.5926[0.483,0.695]   0.5908    0.9950  1.0000    39   0.0470
  S_query                 0.9542    0.5926[0.483,0.695]   0.5908    0.9950  1.0000    39   0.0470
  omega_geo               0.9511    0.5649[0.482,0.647]   0.5605    0.9969  1.0000     4   0.0749
  n_expanded_td           0.9513    0.5666[0.482,0.650]   0.5534    0.9972  1.0000     5   0.0739
  completeness            0.9503    0.5581[0.443,0.672]   0.5530    0.9954  1.0000    22   0.1518
  n_seed                  0.9438    0.5002[0.444,0.559]   0.5000    1.0000  1.0000     3   0.4985
  n_seed_indicator        0.9438    0.5000[0.500,0.500]   0.5000    0.9982  1.0000     1   1.0000
  omega_e                 0.9438    0.5000[0.500,0.500]   0.5000    0.9982  1.0000     1   1.0000
  S_struct                0.9438    0.5000[0.500,0.500]   0.5000    0.9982  1.0000     1   1.0000
  n_cross_cascades        0.5261    0.4858[0.438,0.535]   0.4887    0.2623  0.8346     2   0.8152
  omega_n                 0.5261    0.4858[0.438,0.535]   0.4887    0.2623  0.8346     2   0.8152
  n_emergent              0.5259    0.4834[0.435,0.531]   0.4871    0.2624  0.8346     3   0.8152
  qlen                    0.4804    0.4400[0.329,0.556]   0.4501    0.0261  0.1795    15   0.8681

  [条件 z 分数（跨文档交叉验证）]
  设置                                                   AUC子集    层内AUC  ρ(nseed)    1bit   perm_p
  n_emergent|cv_doc_parity              0.4498[0.353,0.551]   0.4499   -0.8352  0.8346   1.0000
  n_emergent|cv_doc_mod5                0.4852[0.375,0.592]   0.5003   -0.8345  0.8346   1.0000
  n_new_domains|cv_doc_parity           0.6937[0.592,0.792]   0.6843   -0.3103  0.8819   0.0689
  n_new_domains|cv_doc_mod5             0.6921[0.593,0.788]   0.6852   -0.3679  0.8772   0.4685
  n_reach|cv_doc_parity                 0.7017[0.604,0.797]   0.6908   -0.3103  0.8819   0.0669
  n_reach|cv_doc_mod5                   0.7000[0.602,0.796]   0.6863   -0.3680  0.8772   0.4476

  [集合大小匹配的随机对照]  域词表 733 个
    真实可达集合非空率 0.0756  vs 同大小随机集合非空率 0.0268
    用「可达集合大小」预测真实非空：AUC=0.9640[0.949,0.976]
    用「可达集合大小」预测随机非空：AUC=0.9703[0.953,0.985]
    用 n_emergent  预测随机非空：AUC=0.5527[0.493,0.641]

====================================================================================================
[source] n=635  n_seed≥1 114（通路非空 68）
====================================================================================================
  标量                        AUC全                   AUC子集    层内AUC  ρ(nseed)    1bit    取值   perm_p
  n_expanded_td           0.9869    0.8387[0.760,0.911]   0.8340    0.9927  1.0000    26   0.0010
  n_emergent              0.9529    0.8357[0.758,0.909]   0.8329    0.8900  0.9685    29   0.0010
  n_new_domains           0.9529    0.8357[0.758,0.909]   0.8329    0.8900  0.9685    29   0.0010
  n_reach                 0.9871    0.8411[0.762,0.914]   0.8309    0.9928  1.0000    26   0.0010
  n_members               0.9866    0.8346[0.756,0.909]   0.8266    0.9928  1.0000    25   0.0010
  omega_nounclipN         0.9857    0.8243[0.744,0.897]   0.8246    0.9947  1.0000    82   0.0010
  S_query                 0.9857    0.8243[0.744,0.897]   0.8246    0.9947  1.0000    82   0.0010
  S_geo_nodiv             0.9864    0.8322[0.749,0.911]   0.8245    0.9934  1.0000    32   0.0010
  omega_nounclip_both     0.9852    0.8176[0.738,0.893]   0.8240    0.9948  1.0000    82   0.0010
  S_log                   0.9866    0.8342[0.753,0.913]   0.8234    0.9937  1.0000    38   0.0010
  S_log_dom               0.9859    0.8261[0.742,0.905]   0.8180    0.9940  1.0000    36   0.0010
  S_bucket_reach          0.9790    0.7417[0.658,0.825]   0.7360    0.9948  1.0000     2   0.0010
  omega                   0.9719    0.6539[0.551,0.750]   0.6429    0.9954  1.0000    40   0.0050
  omega_geo               0.9710    0.6426[0.551,0.732]   0.6273    0.9964  1.0000     4   0.0020
  omega_n                 0.9359    0.6263[0.558,0.699]   0.6234    0.8938  0.9685     2   0.0020
  n_cross_cascades        0.9355    0.6208[0.541,0.699]   0.6056    0.9001  0.9701     4   0.0020
  completeness            0.9637    0.5520[0.449,0.652]   0.5251    0.9954  1.0000    22   0.1688
  n_cascades              0.9623    0.5353[0.469,0.598]   0.5138    0.9986  1.0000     4   0.1538
  n_seed                  0.9622    0.5340[0.479,0.588]   0.5000    1.0000  1.0000     3   0.1798
  n_seed_indicator        0.9594    0.5000[0.500,0.500]   0.5000    0.9982  1.0000     1   1.0000
  omega_e                 0.9594    0.5000[0.500,0.500]   0.5000    0.9982  1.0000     1   1.0000
  S_struct                0.9594    0.5000[0.500,0.500]   0.5000    0.9982  1.0000     1   1.0000
  omega_f                 0.9614    0.5237[0.447,0.600]   0.4952    0.9976  1.0000     2   0.3616
  n_frames                0.9619    0.5307[0.449,0.607]   0.4950    0.9978  1.0000     4   0.2388
  qlen                    0.5019    0.4656[0.364,0.570]   0.4776    0.0261  0.1795    15   0.7413

  [条件 z 分数（跨文档交叉验证）]
  设置                                                   AUC子集    层内AUC  ρ(nseed)    1bit   perm_p
  n_emergent|cv_doc_parity              0.8024[0.720,0.880]   0.8325   -0.3518  0.8787   0.1628
  n_emergent|cv_doc_mod5                0.8256[0.746,0.897]   0.8383   -0.2800  0.8850   0.0010
  n_new_domains|cv_doc_parity           0.8024[0.720,0.880]   0.8325   -0.3518  0.8787   0.1628
  n_new_domains|cv_doc_mod5             0.8256[0.746,0.897]   0.8383   -0.2800  0.8850   0.0010
  n_reach|cv_doc_parity                 0.8071[0.725,0.885]   0.8310   -0.3517  0.8787   0.1558
  n_reach|cv_doc_mod5                   0.8314[0.751,0.902]   0.8403   -0.2799  0.8850   0.0010

  [集合大小匹配的随机对照]  域词表 733 个
    真实可达集合非空率 0.1071  vs 同大小随机集合非空率 0.0583
    用「可达集合大小」预测真实非空：AUC=0.9871[0.979,0.994]
    用「可达集合大小」预测随机非空：AUC=0.9827[0.971,0.993]
    用 n_emergent  预测随机非空：AUC=0.9590[0.914,0.992]

====================================================================================================
[metanet] n=635  n_seed≥1 114（通路非空 60）
====================================================================================================
  标量                        AUC全                   AUC子集    层内AUC  ρ(nseed)    1bit    取值   perm_p
  n_emergent              0.9130    0.7969[0.709,0.875]   0.7924    0.8459  0.9559    29   0.0010
  omega_nounclip_both     0.9792    0.7787[0.687,0.862]   0.7906    0.9943  1.0000    83   0.0010
  omega_nounclipN         0.9793    0.7796[0.689,0.861]   0.7900    0.9943  1.0000    81   0.0010
  S_query                 0.9793    0.7796[0.689,0.861]   0.7900    0.9943  1.0000    81   0.0010
  n_members               0.9807    0.7943[0.704,0.873]   0.7896    0.9929  1.0000    26   0.0010
  n_expanded_td           0.9806    0.7934[0.702,0.873]   0.7896    0.9928  1.0000    26   0.0010
  n_new_domains           0.9125    0.7915[0.702,0.871]   0.7887    0.8461  0.9559    29   0.0010
  n_reach                 0.9803    0.7907[0.700,0.871]   0.7880    0.9931  1.0000    27   0.0010
  S_geo_nodiv             0.9797    0.7841[0.691,0.869]   0.7878    0.9935  1.0000    31   0.0010
  S_log                   0.9794    0.7810[0.686,0.866]   0.7827    0.9938  1.0000    36   0.0010
  S_log_dom               0.9788    0.7745[0.678,0.862]   0.7823    0.9942  1.0000    38   0.0010
  S_bucket_reach          0.9751    0.7352[0.648,0.808]   0.7320    0.9945  1.0000     2   0.0010
  omega                   0.9648    0.6248[0.514,0.728]   0.6132    0.9949  1.0000    42   0.0150
  n_cross_cascades        0.8957    0.6127[0.528,0.696]   0.6126    0.8624  0.9591     4   0.0080
  omega_geo               0.9642    0.6188[0.521,0.715]   0.6122    0.9956  1.0000     4   0.0090
  omega_n                 0.8946    0.6009[0.520,0.680]   0.5989    0.8488  0.9559     2   0.0170
  n_cascades              0.9566    0.5378[0.473,0.606]   0.5406    0.9986  1.0000     4   0.1349
  completeness            0.9572    0.5446[0.437,0.652]   0.5293    0.9954  1.0000    22   0.1898
  n_frames                0.9560    0.5318[0.452,0.610]   0.5267    0.9978  1.0000     4   0.2208
  omega_f                 0.9551    0.5222[0.444,0.602]   0.5122    0.9976  1.0000     2   0.3636
  n_seed                  0.9542    0.5128[0.458,0.572]   0.5000    1.0000  1.0000     3   0.3616
  n_seed_indicator        0.9530    0.5000[0.500,0.500]   0.5000    0.9982  1.0000     1   1.0000
  omega_e                 0.9530    0.5000[0.500,0.500]   0.5000    0.9982  1.0000     1   1.0000
  S_struct                0.9530    0.5000[0.500,0.500]   0.5000    0.9982  1.0000     1   1.0000
  qlen                    0.4947    0.4580[0.352,0.566]   0.4676    0.0261  0.1795    15   0.7952

  [条件 z 分数（跨文档交叉验证）]
  设置                                                   AUC子集    层内AUC  ρ(nseed)    1bit   perm_p
  n_emergent|cv_doc_parity              0.7664[0.676,0.847]   0.7810   -0.4201  0.8724   0.1508
  n_emergent|cv_doc_mod5                0.7897[0.703,0.869]   0.7961   -0.4166  0.8724   0.1359
  n_new_domains|cv_doc_parity           0.7631[0.672,0.845]   0.7784   -0.4201  0.8724   0.1528
  n_new_domains|cv_doc_mod5             0.7846[0.697,0.865]   0.7927   -0.4166  0.8724   0.1359
  n_reach|cv_doc_parity                 0.7654[0.677,0.849]   0.7789   -0.3859  0.8756   0.0120
  n_reach|cv_doc_mod5                   0.7894[0.701,0.871]   0.7922   -0.4165  0.8724   0.1349

  [集合大小匹配的随机对照]  域词表 733 个
    真实可达集合非空率 0.0945  vs 同大小随机集合非空率 0.0535
    用「可达集合大小」预测真实非空：AUC=0.9803[0.970,0.989]
    用「可达集合大小」预测随机非空：AUC=0.9915[0.984,0.997]
    用 n_emergent  预测随机非空：AUC=0.9915[0.984,0.997]

====================================================================================================
[source_type] n=635  n_seed≥1 114（通路非空 108）
====================================================================================================
  标量                        AUC全                   AUC子集    层内AUC  ρ(nseed)    1bit    取值   perm_p
  omega_nounclipN         0.9992    0.9290[0.873,0.974]   0.9201    0.9952  1.0000    75   0.0010
  omega_nounclip_both     0.9992    0.9290[0.873,0.974]   0.9201    0.9951  1.0000    75   0.0010
  S_query                 0.9992    0.9290[0.873,0.974]   0.9201    0.9952  1.0000    75   0.0010
  n_new_domains           0.9987    0.8881[0.801,0.959]   0.8863    0.9933  1.0000    33   0.0010
  n_reach                 0.9988    0.8943[0.810,0.961]   0.8863    0.9936  1.0000    22   0.0010
  n_members               0.9988    0.8943[0.810,0.961]   0.8863    0.9936  1.0000    22   0.0010
  S_log                   0.9988    0.8989[0.818,0.962]   0.8863    0.9940  1.0000    34   0.0010
  S_log_dom               0.9988    0.8989[0.818,0.962]   0.8863    0.9940  1.0000    32   0.0010
  S_geo_nodiv             0.9988    0.8989[0.818,0.962]   0.8863    0.9945  1.0000    34   0.0010
  n_emergent              0.9986    0.8742[0.780,0.954]   0.8741    0.9933  1.0000    32   0.0010
  n_expanded_td           0.9986    0.8789[0.787,0.956]   0.8741    0.9936  1.0000    22   0.0010
  omega                   0.9982    0.8387[0.730,0.932]   0.8186    0.9954  1.0000    31   0.0020
  completeness            0.9978    0.8056[0.679,0.922]   0.7812    0.9954  1.0000    22   0.0020
  n_frames                0.9958    0.6296[0.593,0.667]   0.5833    0.9978  1.0000     4   0.1758
  omega_geo               0.9958    0.6296[0.593,0.667]   0.5833    0.9976  1.0000     2   0.1758
  omega_f                 0.9958    0.6296[0.593,0.667]   0.5833    0.9976  1.0000     2   0.1758
  n_cascades              0.9949    0.5556[0.528,0.588]   0.5260    0.9983  1.0000     3   0.5175
  n_cross_cascades        0.9949    0.5556[0.528,0.588]   0.5260    0.9983  1.0000     3   0.5175
  n_seed                  0.9949    0.5556[0.528,0.583]   0.5000    1.0000  1.0000     3   0.5165
  n_seed_indicator        0.9943    0.5000[0.500,0.500]   0.5000    0.9982  1.0000     1   1.0000
  omega_e                 0.9943    0.5000[0.500,0.500]   0.5000    0.9982  1.0000     1   1.0000
  omega_n                 0.9943    0.5000[0.500,0.500]   0.5000    0.9982  1.0000     1   1.0000
  S_struct                0.9943    0.5000[0.500,0.500]   0.5000    0.9982  1.0000     1   1.0000
  S_bucket_reach          0.9943    0.4954[0.486,0.500]   0.4948    0.9980  1.0000     2   1.0000
  qlen                    0.5019    0.1991[0.079,0.331]   0.2188    0.0261  0.1795    15   0.9990

  [条件 z 分数（跨文档交叉验证）]
  设置                                                   AUC子集    层内AUC  ρ(nseed)    1bit   perm_p
  n_emergent|cv_doc_parity              0.8495[0.739,0.944]   0.8516   -0.2863  0.8835   1.0000
  n_emergent|cv_doc_mod5                0.8542[0.762,0.936]   0.8672   -0.2867  0.8835   1.0000
  n_new_domains|cv_doc_parity           0.8341[0.715,0.939]   0.8377   -0.3549  0.8772   1.0000
  n_new_domains|cv_doc_mod5             0.8418[0.755,0.920]   0.8585   -0.3554  0.8772   1.0000
  n_reach|cv_doc_parity                 0.8341[0.715,0.939]   0.8377   -0.3549  0.8772   1.0000
  n_reach|cv_doc_mod5                   0.8449[0.759,0.921]   0.8620   -0.3554  0.8772   1.0000

  [集合大小匹配的随机对照]  域词表 733 个
    真实可达集合非空率 0.1701  vs 同大小随机集合非空率 0.1606
    用「可达集合大小」预测真实非空：AUC=0.9988[0.997,1.000]
    用「可达集合大小」预测随机非空：AUC=0.9964[0.993,0.999]
    用 n_emergent  预测随机非空：AUC=0.9968[0.994,0.999]

→ E:\02_AI项目\元图隐喻分析\.wt\emergent\experiments\gen3\exp_g3_3_candidates.json
